{
 "cells": [
  {
   "cell_type": "markdown",
   "metadata": {},
   "source": [
    "### https://github.com/krishnaik06/Complete-Feature-Selection/blob/master/2-Feature%20Selection-%20Correlation.ipynb\n",
    "\n",
    "##### Open Question: Do we need to consider absolute while comparing correlation in correlation() method below"
   ]
  },
  {
   "cell_type": "code",
   "execution_count": 1,
   "metadata": {},
   "outputs": [],
   "source": [
    "from sklearn.datasets import load_boston\n",
    "import pandas as pd\n",
    "import matplotlib.pyplot as plt\n",
    "%matplotlib inline"
   ]
  },
  {
   "cell_type": "code",
   "execution_count": 2,
   "metadata": {},
   "outputs": [],
   "source": [
    "data = load_boston()"
   ]
  },
  {
   "cell_type": "code",
   "execution_count": 3,
   "metadata": {},
   "outputs": [
    {
     "name": "stdout",
     "output_type": "stream",
     "text": [
      "type(data) :  <class 'sklearn.utils.Bunch'>\n"
     ]
    },
    {
     "data": {
      "text/plain": [
       "{'data': array([[6.3200e-03, 1.8000e+01, 2.3100e+00, ..., 1.5300e+01, 3.9690e+02,\n",
       "         4.9800e+00],\n",
       "        [2.7310e-02, 0.0000e+00, 7.0700e+00, ..., 1.7800e+01, 3.9690e+02,\n",
       "         9.1400e+00],\n",
       "        [2.7290e-02, 0.0000e+00, 7.0700e+00, ..., 1.7800e+01, 3.9283e+02,\n",
       "         4.0300e+00],\n",
       "        ...,\n",
       "        [6.0760e-02, 0.0000e+00, 1.1930e+01, ..., 2.1000e+01, 3.9690e+02,\n",
       "         5.6400e+00],\n",
       "        [1.0959e-01, 0.0000e+00, 1.1930e+01, ..., 2.1000e+01, 3.9345e+02,\n",
       "         6.4800e+00],\n",
       "        [4.7410e-02, 0.0000e+00, 1.1930e+01, ..., 2.1000e+01, 3.9690e+02,\n",
       "         7.8800e+00]]),\n",
       " 'target': array([24. , 21.6, 34.7, 33.4, 36.2, 28.7, 22.9, 27.1, 16.5, 18.9, 15. ,\n",
       "        18.9, 21.7, 20.4, 18.2, 19.9, 23.1, 17.5, 20.2, 18.2, 13.6, 19.6,\n",
       "        15.2, 14.5, 15.6, 13.9, 16.6, 14.8, 18.4, 21. , 12.7, 14.5, 13.2,\n",
       "        13.1, 13.5, 18.9, 20. , 21. , 24.7, 30.8, 34.9, 26.6, 25.3, 24.7,\n",
       "        21.2, 19.3, 20. , 16.6, 14.4, 19.4, 19.7, 20.5, 25. , 23.4, 18.9,\n",
       "        35.4, 24.7, 31.6, 23.3, 19.6, 18.7, 16. , 22.2, 25. , 33. , 23.5,\n",
       "        19.4, 22. , 17.4, 20.9, 24.2, 21.7, 22.8, 23.4, 24.1, 21.4, 20. ,\n",
       "        20.8, 21.2, 20.3, 28. , 23.9, 24.8, 22.9, 23.9, 26.6, 22.5, 22.2,\n",
       "        23.6, 28.7, 22.6, 22. , 22.9, 25. , 20.6, 28.4, 21.4, 38.7, 43.8,\n",
       "        33.2, 27.5, 26.5, 18.6, 19.3, 20.1, 19.5, 19.5, 20.4, 19.8, 19.4,\n",
       "        21.7, 22.8, 18.8, 18.7, 18.5, 18.3, 21.2, 19.2, 20.4, 19.3, 22. ,\n",
       "        20.3, 20.5, 17.3, 18.8, 21.4, 15.7, 16.2, 18. , 14.3, 19.2, 19.6,\n",
       "        23. , 18.4, 15.6, 18.1, 17.4, 17.1, 13.3, 17.8, 14. , 14.4, 13.4,\n",
       "        15.6, 11.8, 13.8, 15.6, 14.6, 17.8, 15.4, 21.5, 19.6, 15.3, 19.4,\n",
       "        17. , 15.6, 13.1, 41.3, 24.3, 23.3, 27. , 50. , 50. , 50. , 22.7,\n",
       "        25. , 50. , 23.8, 23.8, 22.3, 17.4, 19.1, 23.1, 23.6, 22.6, 29.4,\n",
       "        23.2, 24.6, 29.9, 37.2, 39.8, 36.2, 37.9, 32.5, 26.4, 29.6, 50. ,\n",
       "        32. , 29.8, 34.9, 37. , 30.5, 36.4, 31.1, 29.1, 50. , 33.3, 30.3,\n",
       "        34.6, 34.9, 32.9, 24.1, 42.3, 48.5, 50. , 22.6, 24.4, 22.5, 24.4,\n",
       "        20. , 21.7, 19.3, 22.4, 28.1, 23.7, 25. , 23.3, 28.7, 21.5, 23. ,\n",
       "        26.7, 21.7, 27.5, 30.1, 44.8, 50. , 37.6, 31.6, 46.7, 31.5, 24.3,\n",
       "        31.7, 41.7, 48.3, 29. , 24. , 25.1, 31.5, 23.7, 23.3, 22. , 20.1,\n",
       "        22.2, 23.7, 17.6, 18.5, 24.3, 20.5, 24.5, 26.2, 24.4, 24.8, 29.6,\n",
       "        42.8, 21.9, 20.9, 44. , 50. , 36. , 30.1, 33.8, 43.1, 48.8, 31. ,\n",
       "        36.5, 22.8, 30.7, 50. , 43.5, 20.7, 21.1, 25.2, 24.4, 35.2, 32.4,\n",
       "        32. , 33.2, 33.1, 29.1, 35.1, 45.4, 35.4, 46. , 50. , 32.2, 22. ,\n",
       "        20.1, 23.2, 22.3, 24.8, 28.5, 37.3, 27.9, 23.9, 21.7, 28.6, 27.1,\n",
       "        20.3, 22.5, 29. , 24.8, 22. , 26.4, 33.1, 36.1, 28.4, 33.4, 28.2,\n",
       "        22.8, 20.3, 16.1, 22.1, 19.4, 21.6, 23.8, 16.2, 17.8, 19.8, 23.1,\n",
       "        21. , 23.8, 23.1, 20.4, 18.5, 25. , 24.6, 23. , 22.2, 19.3, 22.6,\n",
       "        19.8, 17.1, 19.4, 22.2, 20.7, 21.1, 19.5, 18.5, 20.6, 19. , 18.7,\n",
       "        32.7, 16.5, 23.9, 31.2, 17.5, 17.2, 23.1, 24.5, 26.6, 22.9, 24.1,\n",
       "        18.6, 30.1, 18.2, 20.6, 17.8, 21.7, 22.7, 22.6, 25. , 19.9, 20.8,\n",
       "        16.8, 21.9, 27.5, 21.9, 23.1, 50. , 50. , 50. , 50. , 50. , 13.8,\n",
       "        13.8, 15. , 13.9, 13.3, 13.1, 10.2, 10.4, 10.9, 11.3, 12.3,  8.8,\n",
       "         7.2, 10.5,  7.4, 10.2, 11.5, 15.1, 23.2,  9.7, 13.8, 12.7, 13.1,\n",
       "        12.5,  8.5,  5. ,  6.3,  5.6,  7.2, 12.1,  8.3,  8.5,  5. , 11.9,\n",
       "        27.9, 17.2, 27.5, 15. , 17.2, 17.9, 16.3,  7. ,  7.2,  7.5, 10.4,\n",
       "         8.8,  8.4, 16.7, 14.2, 20.8, 13.4, 11.7,  8.3, 10.2, 10.9, 11. ,\n",
       "         9.5, 14.5, 14.1, 16.1, 14.3, 11.7, 13.4,  9.6,  8.7,  8.4, 12.8,\n",
       "        10.5, 17.1, 18.4, 15.4, 10.8, 11.8, 14.9, 12.6, 14.1, 13. , 13.4,\n",
       "        15.2, 16.1, 17.8, 14.9, 14.1, 12.7, 13.5, 14.9, 20. , 16.4, 17.7,\n",
       "        19.5, 20.2, 21.4, 19.9, 19. , 19.1, 19.1, 20.1, 19.9, 19.6, 23.2,\n",
       "        29.8, 13.8, 13.3, 16.7, 12. , 14.6, 21.4, 23. , 23.7, 25. , 21.8,\n",
       "        20.6, 21.2, 19.1, 20.6, 15.2,  7. ,  8.1, 13.6, 20.1, 21.8, 24.5,\n",
       "        23.1, 19.7, 18.3, 21.2, 17.5, 16.8, 22.4, 20.6, 23.9, 22. , 11.9]),\n",
       " 'feature_names': array(['CRIM', 'ZN', 'INDUS', 'CHAS', 'NOX', 'RM', 'AGE', 'DIS', 'RAD',\n",
       "        'TAX', 'PTRATIO', 'B', 'LSTAT'], dtype='<U7'),\n",
       " 'DESCR': \".. _boston_dataset:\\n\\nBoston house prices dataset\\n---------------------------\\n\\n**Data Set Characteristics:**  \\n\\n    :Number of Instances: 506 \\n\\n    :Number of Attributes: 13 numeric/categorical predictive. Median Value (attribute 14) is usually the target.\\n\\n    :Attribute Information (in order):\\n        - CRIM     per capita crime rate by town\\n        - ZN       proportion of residential land zoned for lots over 25,000 sq.ft.\\n        - INDUS    proportion of non-retail business acres per town\\n        - CHAS     Charles River dummy variable (= 1 if tract bounds river; 0 otherwise)\\n        - NOX      nitric oxides concentration (parts per 10 million)\\n        - RM       average number of rooms per dwelling\\n        - AGE      proportion of owner-occupied units built prior to 1940\\n        - DIS      weighted distances to five Boston employment centres\\n        - RAD      index of accessibility to radial highways\\n        - TAX      full-value property-tax rate per $10,000\\n        - PTRATIO  pupil-teacher ratio by town\\n        - B        1000(Bk - 0.63)^2 where Bk is the proportion of blacks by town\\n        - LSTAT    % lower status of the population\\n        - MEDV     Median value of owner-occupied homes in $1000's\\n\\n    :Missing Attribute Values: None\\n\\n    :Creator: Harrison, D. and Rubinfeld, D.L.\\n\\nThis is a copy of UCI ML housing dataset.\\nhttps://archive.ics.uci.edu/ml/machine-learning-databases/housing/\\n\\n\\nThis dataset was taken from the StatLib library which is maintained at Carnegie Mellon University.\\n\\nThe Boston house-price data of Harrison, D. and Rubinfeld, D.L. 'Hedonic\\nprices and the demand for clean air', J. Environ. Economics & Management,\\nvol.5, 81-102, 1978.   Used in Belsley, Kuh & Welsch, 'Regression diagnostics\\n...', Wiley, 1980.   N.B. Various transformations are used in the table on\\npages 244-261 of the latter.\\n\\nThe Boston house-price data has been used in many machine learning papers that address regression\\nproblems.   \\n     \\n.. topic:: References\\n\\n   - Belsley, Kuh & Welsch, 'Regression diagnostics: Identifying Influential Data and Sources of Collinearity', Wiley, 1980. 244-261.\\n   - Quinlan,R. (1993). Combining Instance-Based and Model-Based Learning. In Proceedings on the Tenth International Conference of Machine Learning, 236-243, University of Massachusetts, Amherst. Morgan Kaufmann.\\n\",\n",
       " 'filename': '/home/vinoth/anaconda3/lib/python3.8/site-packages/sklearn/datasets/data/boston_house_prices.csv'}"
      ]
     },
     "execution_count": 3,
     "metadata": {},
     "output_type": "execute_result"
    }
   ],
   "source": [
    "print('type(data) : ', type(data))\n",
    "data"
   ]
  },
  {
   "cell_type": "code",
   "execution_count": 6,
   "metadata": {},
   "outputs": [
    {
     "data": {
      "text/html": [
       "<div>\n",
       "<style scoped>\n",
       "    .dataframe tbody tr th:only-of-type {\n",
       "        vertical-align: middle;\n",
       "    }\n",
       "\n",
       "    .dataframe tbody tr th {\n",
       "        vertical-align: top;\n",
       "    }\n",
       "\n",
       "    .dataframe thead th {\n",
       "        text-align: right;\n",
       "    }\n",
       "</style>\n",
       "<table border=\"1\" class=\"dataframe\">\n",
       "  <thead>\n",
       "    <tr style=\"text-align: right;\">\n",
       "      <th></th>\n",
       "      <th>CRIM</th>\n",
       "      <th>ZN</th>\n",
       "      <th>INDUS</th>\n",
       "      <th>CHAS</th>\n",
       "      <th>NOX</th>\n",
       "      <th>RM</th>\n",
       "      <th>AGE</th>\n",
       "      <th>DIS</th>\n",
       "      <th>RAD</th>\n",
       "      <th>TAX</th>\n",
       "      <th>PTRATIO</th>\n",
       "      <th>B</th>\n",
       "      <th>LSTAT</th>\n",
       "      <th>MEDV</th>\n",
       "    </tr>\n",
       "  </thead>\n",
       "  <tbody>\n",
       "    <tr>\n",
       "      <th>0</th>\n",
       "      <td>0.00632</td>\n",
       "      <td>18.0</td>\n",
       "      <td>2.31</td>\n",
       "      <td>0.0</td>\n",
       "      <td>0.538</td>\n",
       "      <td>6.575</td>\n",
       "      <td>65.2</td>\n",
       "      <td>4.0900</td>\n",
       "      <td>1.0</td>\n",
       "      <td>296.0</td>\n",
       "      <td>15.3</td>\n",
       "      <td>396.90</td>\n",
       "      <td>4.98</td>\n",
       "      <td>24.0</td>\n",
       "    </tr>\n",
       "    <tr>\n",
       "      <th>1</th>\n",
       "      <td>0.02731</td>\n",
       "      <td>0.0</td>\n",
       "      <td>7.07</td>\n",
       "      <td>0.0</td>\n",
       "      <td>0.469</td>\n",
       "      <td>6.421</td>\n",
       "      <td>78.9</td>\n",
       "      <td>4.9671</td>\n",
       "      <td>2.0</td>\n",
       "      <td>242.0</td>\n",
       "      <td>17.8</td>\n",
       "      <td>396.90</td>\n",
       "      <td>9.14</td>\n",
       "      <td>21.6</td>\n",
       "    </tr>\n",
       "    <tr>\n",
       "      <th>2</th>\n",
       "      <td>0.02729</td>\n",
       "      <td>0.0</td>\n",
       "      <td>7.07</td>\n",
       "      <td>0.0</td>\n",
       "      <td>0.469</td>\n",
       "      <td>7.185</td>\n",
       "      <td>61.1</td>\n",
       "      <td>4.9671</td>\n",
       "      <td>2.0</td>\n",
       "      <td>242.0</td>\n",
       "      <td>17.8</td>\n",
       "      <td>392.83</td>\n",
       "      <td>4.03</td>\n",
       "      <td>34.7</td>\n",
       "    </tr>\n",
       "    <tr>\n",
       "      <th>3</th>\n",
       "      <td>0.03237</td>\n",
       "      <td>0.0</td>\n",
       "      <td>2.18</td>\n",
       "      <td>0.0</td>\n",
       "      <td>0.458</td>\n",
       "      <td>6.998</td>\n",
       "      <td>45.8</td>\n",
       "      <td>6.0622</td>\n",
       "      <td>3.0</td>\n",
       "      <td>222.0</td>\n",
       "      <td>18.7</td>\n",
       "      <td>394.63</td>\n",
       "      <td>2.94</td>\n",
       "      <td>33.4</td>\n",
       "    </tr>\n",
       "    <tr>\n",
       "      <th>4</th>\n",
       "      <td>0.06905</td>\n",
       "      <td>0.0</td>\n",
       "      <td>2.18</td>\n",
       "      <td>0.0</td>\n",
       "      <td>0.458</td>\n",
       "      <td>7.147</td>\n",
       "      <td>54.2</td>\n",
       "      <td>6.0622</td>\n",
       "      <td>3.0</td>\n",
       "      <td>222.0</td>\n",
       "      <td>18.7</td>\n",
       "      <td>396.90</td>\n",
       "      <td>5.33</td>\n",
       "      <td>36.2</td>\n",
       "    </tr>\n",
       "  </tbody>\n",
       "</table>\n",
       "</div>"
      ],
      "text/plain": [
       "      CRIM    ZN  INDUS  CHAS    NOX     RM   AGE     DIS  RAD    TAX  \\\n",
       "0  0.00632  18.0   2.31   0.0  0.538  6.575  65.2  4.0900  1.0  296.0   \n",
       "1  0.02731   0.0   7.07   0.0  0.469  6.421  78.9  4.9671  2.0  242.0   \n",
       "2  0.02729   0.0   7.07   0.0  0.469  7.185  61.1  4.9671  2.0  242.0   \n",
       "3  0.03237   0.0   2.18   0.0  0.458  6.998  45.8  6.0622  3.0  222.0   \n",
       "4  0.06905   0.0   2.18   0.0  0.458  7.147  54.2  6.0622  3.0  222.0   \n",
       "\n",
       "   PTRATIO       B  LSTAT  MEDV  \n",
       "0     15.3  396.90   4.98  24.0  \n",
       "1     17.8  396.90   9.14  21.6  \n",
       "2     17.8  392.83   4.03  34.7  \n",
       "3     18.7  394.63   2.94  33.4  \n",
       "4     18.7  396.90   5.33  36.2  "
      ]
     },
     "execution_count": 6,
     "metadata": {},
     "output_type": "execute_result"
    }
   ],
   "source": [
    "df = pd.DataFrame(data.data, columns=data.feature_names)\n",
    "df['MEDV']=data.target\n",
    "df.head()"
   ]
  },
  {
   "cell_type": "markdown",
   "metadata": {},
   "source": [
    "#### If 3 feature(column) have higher correlation(say >90%) then we can use 1 feature(column) for training instead of 3 columns since 3 columns are more similar. So v can use 1 feature(column) instead of 3"
   ]
  },
  {
   "cell_type": "code",
   "execution_count": 7,
   "metadata": {},
   "outputs": [],
   "source": [
    "X = df.iloc[:,:-1]\n",
    "y = df.iloc[:,-1:]"
   ]
  },
  {
   "cell_type": "code",
   "execution_count": 8,
   "metadata": {},
   "outputs": [],
   "source": [
    "from sklearn.model_selection import train_test_split\n",
    "X_train,X_test,y_train,y_test=train_test_split(X,y,test_size=0.3, random_state=0)"
   ]
  },
  {
   "cell_type": "code",
   "execution_count": 31,
   "metadata": {},
   "outputs": [
    {
     "name": "stdout",
     "output_type": "stream",
     "text": [
      "<class 'pandas.core.frame.DataFrame'>\n"
     ]
    },
    {
     "data": {
      "text/html": [
       "<div>\n",
       "<style scoped>\n",
       "    .dataframe tbody tr th:only-of-type {\n",
       "        vertical-align: middle;\n",
       "    }\n",
       "\n",
       "    .dataframe tbody tr th {\n",
       "        vertical-align: top;\n",
       "    }\n",
       "\n",
       "    .dataframe thead th {\n",
       "        text-align: right;\n",
       "    }\n",
       "</style>\n",
       "<table border=\"1\" class=\"dataframe\">\n",
       "  <thead>\n",
       "    <tr style=\"text-align: right;\">\n",
       "      <th></th>\n",
       "      <th>CRIM</th>\n",
       "      <th>ZN</th>\n",
       "      <th>INDUS</th>\n",
       "      <th>CHAS</th>\n",
       "      <th>NOX</th>\n",
       "      <th>RM</th>\n",
       "      <th>AGE</th>\n",
       "      <th>DIS</th>\n",
       "      <th>RAD</th>\n",
       "      <th>TAX</th>\n",
       "      <th>PTRATIO</th>\n",
       "      <th>B</th>\n",
       "      <th>LSTAT</th>\n",
       "    </tr>\n",
       "  </thead>\n",
       "  <tbody>\n",
       "    <tr>\n",
       "      <th>CRIM</th>\n",
       "      <td>1.000000</td>\n",
       "      <td>-0.196172</td>\n",
       "      <td>0.382073</td>\n",
       "      <td>-0.049364</td>\n",
       "      <td>0.416560</td>\n",
       "      <td>-0.188280</td>\n",
       "      <td>0.329927</td>\n",
       "      <td>-0.355840</td>\n",
       "      <td>0.603880</td>\n",
       "      <td>0.560570</td>\n",
       "      <td>0.264780</td>\n",
       "      <td>-0.299525</td>\n",
       "      <td>0.439369</td>\n",
       "    </tr>\n",
       "    <tr>\n",
       "      <th>ZN</th>\n",
       "      <td>-0.196172</td>\n",
       "      <td>1.000000</td>\n",
       "      <td>-0.529392</td>\n",
       "      <td>-0.063863</td>\n",
       "      <td>-0.523572</td>\n",
       "      <td>0.319260</td>\n",
       "      <td>-0.583885</td>\n",
       "      <td>0.658331</td>\n",
       "      <td>-0.314833</td>\n",
       "      <td>-0.327834</td>\n",
       "      <td>-0.392838</td>\n",
       "      <td>0.164641</td>\n",
       "      <td>-0.429178</td>\n",
       "    </tr>\n",
       "    <tr>\n",
       "      <th>INDUS</th>\n",
       "      <td>0.382073</td>\n",
       "      <td>-0.529392</td>\n",
       "      <td>1.000000</td>\n",
       "      <td>0.044224</td>\n",
       "      <td>0.750218</td>\n",
       "      <td>-0.392969</td>\n",
       "      <td>0.629257</td>\n",
       "      <td>-0.686848</td>\n",
       "      <td>0.578459</td>\n",
       "      <td>0.719038</td>\n",
       "      <td>0.388353</td>\n",
       "      <td>-0.331638</td>\n",
       "      <td>0.603374</td>\n",
       "    </tr>\n",
       "    <tr>\n",
       "      <th>CHAS</th>\n",
       "      <td>-0.049364</td>\n",
       "      <td>-0.063863</td>\n",
       "      <td>0.044224</td>\n",
       "      <td>1.000000</td>\n",
       "      <td>0.043748</td>\n",
       "      <td>0.088125</td>\n",
       "      <td>0.067269</td>\n",
       "      <td>-0.085492</td>\n",
       "      <td>0.022338</td>\n",
       "      <td>-0.017156</td>\n",
       "      <td>-0.072683</td>\n",
       "      <td>0.069682</td>\n",
       "      <td>-0.059060</td>\n",
       "    </tr>\n",
       "    <tr>\n",
       "      <th>NOX</th>\n",
       "      <td>0.416560</td>\n",
       "      <td>-0.523572</td>\n",
       "      <td>0.750218</td>\n",
       "      <td>0.043748</td>\n",
       "      <td>1.000000</td>\n",
       "      <td>-0.279202</td>\n",
       "      <td>0.740052</td>\n",
       "      <td>-0.765753</td>\n",
       "      <td>0.627188</td>\n",
       "      <td>0.683445</td>\n",
       "      <td>0.179046</td>\n",
       "      <td>-0.369445</td>\n",
       "      <td>0.577154</td>\n",
       "    </tr>\n",
       "    <tr>\n",
       "      <th>RM</th>\n",
       "      <td>-0.188280</td>\n",
       "      <td>0.319260</td>\n",
       "      <td>-0.392969</td>\n",
       "      <td>0.088125</td>\n",
       "      <td>-0.279202</td>\n",
       "      <td>1.000000</td>\n",
       "      <td>-0.235839</td>\n",
       "      <td>0.183857</td>\n",
       "      <td>-0.179242</td>\n",
       "      <td>-0.275242</td>\n",
       "      <td>-0.385526</td>\n",
       "      <td>0.157459</td>\n",
       "      <td>-0.623920</td>\n",
       "    </tr>\n",
       "    <tr>\n",
       "      <th>AGE</th>\n",
       "      <td>0.329927</td>\n",
       "      <td>-0.583885</td>\n",
       "      <td>0.629257</td>\n",
       "      <td>0.067269</td>\n",
       "      <td>0.740052</td>\n",
       "      <td>-0.235839</td>\n",
       "      <td>1.000000</td>\n",
       "      <td>-0.761543</td>\n",
       "      <td>0.440578</td>\n",
       "      <td>0.502429</td>\n",
       "      <td>0.239729</td>\n",
       "      <td>-0.250416</td>\n",
       "      <td>0.606530</td>\n",
       "    </tr>\n",
       "    <tr>\n",
       "      <th>DIS</th>\n",
       "      <td>-0.355840</td>\n",
       "      <td>0.658331</td>\n",
       "      <td>-0.686848</td>\n",
       "      <td>-0.085492</td>\n",
       "      <td>-0.765753</td>\n",
       "      <td>0.183857</td>\n",
       "      <td>-0.761543</td>\n",
       "      <td>1.000000</td>\n",
       "      <td>-0.467653</td>\n",
       "      <td>-0.519643</td>\n",
       "      <td>-0.176620</td>\n",
       "      <td>0.248376</td>\n",
       "      <td>-0.501780</td>\n",
       "    </tr>\n",
       "    <tr>\n",
       "      <th>RAD</th>\n",
       "      <td>0.603880</td>\n",
       "      <td>-0.314833</td>\n",
       "      <td>0.578459</td>\n",
       "      <td>0.022338</td>\n",
       "      <td>0.627188</td>\n",
       "      <td>-0.179242</td>\n",
       "      <td>0.440578</td>\n",
       "      <td>-0.467653</td>\n",
       "      <td>1.000000</td>\n",
       "      <td>0.907455</td>\n",
       "      <td>0.437687</td>\n",
       "      <td>-0.415325</td>\n",
       "      <td>0.442783</td>\n",
       "    </tr>\n",
       "    <tr>\n",
       "      <th>TAX</th>\n",
       "      <td>0.560570</td>\n",
       "      <td>-0.327834</td>\n",
       "      <td>0.719038</td>\n",
       "      <td>-0.017156</td>\n",
       "      <td>0.683445</td>\n",
       "      <td>-0.275242</td>\n",
       "      <td>0.502429</td>\n",
       "      <td>-0.519643</td>\n",
       "      <td>0.907455</td>\n",
       "      <td>1.000000</td>\n",
       "      <td>0.447518</td>\n",
       "      <td>-0.412145</td>\n",
       "      <td>0.515905</td>\n",
       "    </tr>\n",
       "    <tr>\n",
       "      <th>PTRATIO</th>\n",
       "      <td>0.264780</td>\n",
       "      <td>-0.392838</td>\n",
       "      <td>0.388353</td>\n",
       "      <td>-0.072683</td>\n",
       "      <td>0.179046</td>\n",
       "      <td>-0.385526</td>\n",
       "      <td>0.239729</td>\n",
       "      <td>-0.176620</td>\n",
       "      <td>0.437687</td>\n",
       "      <td>0.447518</td>\n",
       "      <td>1.000000</td>\n",
       "      <td>-0.145638</td>\n",
       "      <td>0.387752</td>\n",
       "    </tr>\n",
       "    <tr>\n",
       "      <th>B</th>\n",
       "      <td>-0.299525</td>\n",
       "      <td>0.164641</td>\n",
       "      <td>-0.331638</td>\n",
       "      <td>0.069682</td>\n",
       "      <td>-0.369445</td>\n",
       "      <td>0.157459</td>\n",
       "      <td>-0.250416</td>\n",
       "      <td>0.248376</td>\n",
       "      <td>-0.415325</td>\n",
       "      <td>-0.412145</td>\n",
       "      <td>-0.145638</td>\n",
       "      <td>1.000000</td>\n",
       "      <td>-0.365338</td>\n",
       "    </tr>\n",
       "    <tr>\n",
       "      <th>LSTAT</th>\n",
       "      <td>0.439369</td>\n",
       "      <td>-0.429178</td>\n",
       "      <td>0.603374</td>\n",
       "      <td>-0.059060</td>\n",
       "      <td>0.577154</td>\n",
       "      <td>-0.623920</td>\n",
       "      <td>0.606530</td>\n",
       "      <td>-0.501780</td>\n",
       "      <td>0.442783</td>\n",
       "      <td>0.515905</td>\n",
       "      <td>0.387752</td>\n",
       "      <td>-0.365338</td>\n",
       "      <td>1.000000</td>\n",
       "    </tr>\n",
       "  </tbody>\n",
       "</table>\n",
       "</div>"
      ],
      "text/plain": [
       "             CRIM        ZN     INDUS      CHAS       NOX        RM       AGE  \\\n",
       "CRIM     1.000000 -0.196172  0.382073 -0.049364  0.416560 -0.188280  0.329927   \n",
       "ZN      -0.196172  1.000000 -0.529392 -0.063863 -0.523572  0.319260 -0.583885   \n",
       "INDUS    0.382073 -0.529392  1.000000  0.044224  0.750218 -0.392969  0.629257   \n",
       "CHAS    -0.049364 -0.063863  0.044224  1.000000  0.043748  0.088125  0.067269   \n",
       "NOX      0.416560 -0.523572  0.750218  0.043748  1.000000 -0.279202  0.740052   \n",
       "RM      -0.188280  0.319260 -0.392969  0.088125 -0.279202  1.000000 -0.235839   \n",
       "AGE      0.329927 -0.583885  0.629257  0.067269  0.740052 -0.235839  1.000000   \n",
       "DIS     -0.355840  0.658331 -0.686848 -0.085492 -0.765753  0.183857 -0.761543   \n",
       "RAD      0.603880 -0.314833  0.578459  0.022338  0.627188 -0.179242  0.440578   \n",
       "TAX      0.560570 -0.327834  0.719038 -0.017156  0.683445 -0.275242  0.502429   \n",
       "PTRATIO  0.264780 -0.392838  0.388353 -0.072683  0.179046 -0.385526  0.239729   \n",
       "B       -0.299525  0.164641 -0.331638  0.069682 -0.369445  0.157459 -0.250416   \n",
       "LSTAT    0.439369 -0.429178  0.603374 -0.059060  0.577154 -0.623920  0.606530   \n",
       "\n",
       "              DIS       RAD       TAX   PTRATIO         B     LSTAT  \n",
       "CRIM    -0.355840  0.603880  0.560570  0.264780 -0.299525  0.439369  \n",
       "ZN       0.658331 -0.314833 -0.327834 -0.392838  0.164641 -0.429178  \n",
       "INDUS   -0.686848  0.578459  0.719038  0.388353 -0.331638  0.603374  \n",
       "CHAS    -0.085492  0.022338 -0.017156 -0.072683  0.069682 -0.059060  \n",
       "NOX     -0.765753  0.627188  0.683445  0.179046 -0.369445  0.577154  \n",
       "RM       0.183857 -0.179242 -0.275242 -0.385526  0.157459 -0.623920  \n",
       "AGE     -0.761543  0.440578  0.502429  0.239729 -0.250416  0.606530  \n",
       "DIS      1.000000 -0.467653 -0.519643 -0.176620  0.248376 -0.501780  \n",
       "RAD     -0.467653  1.000000  0.907455  0.437687 -0.415325  0.442783  \n",
       "TAX     -0.519643  0.907455  1.000000  0.447518 -0.412145  0.515905  \n",
       "PTRATIO -0.176620  0.437687  0.447518  1.000000 -0.145638  0.387752  \n",
       "B        0.248376 -0.415325 -0.412145 -0.145638  1.000000 -0.365338  \n",
       "LSTAT   -0.501780  0.442783  0.515905  0.387752 -0.365338  1.000000  "
      ]
     },
     "execution_count": 31,
     "metadata": {},
     "output_type": "execute_result"
    }
   ],
   "source": [
    "print(type(X_train.corr()))\n",
    "X_train.corr()"
   ]
  },
  {
   "cell_type": "code",
   "execution_count": 32,
   "metadata": {},
   "outputs": [
    {
     "data": {
      "text/plain": [
       "Index(['CRIM', 'ZN', 'INDUS', 'CHAS', 'NOX', 'RM', 'AGE', 'DIS', 'RAD', 'TAX',\n",
       "       'PTRATIO', 'B', 'LSTAT'],\n",
       "      dtype='object')"
      ]
     },
     "execution_count": 32,
     "metadata": {},
     "output_type": "execute_result"
    }
   ],
   "source": [
    "X_train.corr().columns"
   ]
  },
  {
   "cell_type": "code",
   "execution_count": 33,
   "metadata": {},
   "outputs": [
    {
     "data": {
